x= 1.57080
f(x)= 0.78546
eps= 4.91742e-06