x= 1.57080
f(x)= 0.00000
eps= 4.66157e-06